1 0.54921875 0.67890625 0.1078125 0.1140625
2 0.43125 0.31953125 0.10546875 0.10546875
2 0.190625 0.56015625 0.096875 0.11015625
2 0.6671875 0.44375 0.11328125 0.115625
2 0.190625 0.68046875 0.1 0.1078125
2 0.7875 0.684375 0.1078125 0.103125
2 0.18671875 0.9203125 0.1046875 0.11484375
2 0.31015625 0.91953125 0.10625 0.11328125
2 0.665625 0.9171875 0.115625 0.1125
3 0.6671875 0.20078125 0.10625 0.1109375
3 0.5484375 0.44140625 0.10234375 0.11015625
3 0.9078125 0.559375 0.1109375 0.1125
3 0.54921875 0.91875 0.1078125 0.11171875
0 0.18984375 0.08359375 0.115625 0.11015625
0 0.42734375 0.0796875 0.115625 0.11484375
0 0.31015625 0.43515625 0.109375 0.115625
0 0.43125 0.43984375 0.10546875 0.10859375
0 0.4265625 0.9203125 0.1140625 0.11484375
0 0.7875 0.3203125 0.1078125 0.10703125
0 0.6671875 0.68046875 0.10625 0.11171875
5 0.66953125 0.084375 0.10546875 0.1125
5 0.7875 0.08046875 0.1078125 0.109375
5 0.30703125 0.20078125 0.1125 0.10703125
5 0.065625 0.4375 0.11484375 0.1203125
5 0.18984375 0.43671875 0.11171875 0.109375
5 0.54609375 0.32109375 0.10625 0.1046875
5 0.90390625 0.4390625 0.11171875 0.1109375
5 0.4296875 0.56015625 0.1078125 0.10625
5 0.5484375 0.55625 0.10234375 0.1015625
5 0.78828125 0.5578125 0.1015625 0.1015625
5 0.42734375 0.6765625 0.10234375 0.1046875
5 0.309375 0.796875 0.1 0.103125
5 0.55 0.79765625 0.10546875 0.1125
4 0.30703125 0.08046875 0.1125 0.11328125
4 0.54921875 0.08203125 0.1078125 0.1125
4 0.43125 0.20078125 0.11484375 0.1109375
4 0.54921875 0.1984375 0.10390625 0.1015625
4 0.1890625 0.31953125 0.10625 0.10546875
4 0.30703125 0.31953125 0.10859375 0.1109375
4 0.78671875 0.440625 0.11875 0.10078125
4 0.07109375 0.5625 0.12109375 0.115625
4 0.309375 0.559375 0.1171875 0.10859375
4 0.3109375 0.6765625 0.11171875 0.10859375
4 0.66796875 0.5609375 0.11171875 0.1078125
4 0.67109375 0.796875 0.10859375 0.10703125
4 0.42421875 0.8015625 0.10859375 0.1078125
4 0.7890625 0.91640625 0.11484375 0.115625
3 0.66640625 0.32109375 0.1078125 0.10859375