4 0.075 0.1515625 0.13671875 0.12109375
4 0.359375 0.15234375 0.12421875 0.115625
4 0.63125 0.153125 0.1375 0.1171875
4 0.909375 0.15390625 0.13203125 0.11328125
4 0.07421875 0.8828125 0.1390625 0.11875
4 0.909375 0.88671875 0.1359375 0.109375
0 0.35703125 0.51953125 0.11484375 0.10859375
0 0.4953125 0.521875 0.12265625 0.10390625
0 0.6328125 0.39765625 0.11875 0.11796875
0 0.4953125 0.27421875 0.12265625 0.10390625
0 0.7703125 0.27734375 0.11875 0.1140625
0 0.77265625 0.51640625 0.1359375 0.11484375
0 0.21796875 0.8796875 0.1296875 0.11640625
3 0.21875 0.15703125 0.13125 0.11640625
3 0.21953125 0.2734375 0.12265625 0.11171875
3 0.77421875 0.3984375 0.1171875 0.10703125
3 0.3578125 0.64140625 0.12109375 0.1140625
3 0.63359375 0.63984375 0.12421875 0.10703125
3 0.91171875 0.52265625 0.13203125 0.10625
3 0.3546875 0.88203125 0.13359375 0.11171875
3 0.6328125 0.8828125 0.1265625 0.11015625
2 0.071875 0.3953125 0.13515625 0.11328125
2 0.21640625 0.39921875 0.13203125 0.1140625
2 0.0765625 0.5171875 0.1265625 0.1078125
2 0.4953125 0.39921875 0.1265625 0.1140625
2 0.49296875 0.15546875 0.12109375 0.11328125
2 0.49375 0.6421875 0.12734375 0.115625
2 0.215625 0.759375 0.1296875 0.1125
2 0.3546875 0.7625 0.1234375 0.10625
2 0.9109375 0.64140625 0.1296875 0.11015625
2 0.77109375 0.76171875 0.134375 0.11015625
2 0.49375 0.88125 0.12734375 0.11953125
5 0.35859375 0.27734375 0.12265625 0.1109375
5 0.35546875 0.39453125 0.125 0.1078125
5 0.2203125 0.51796875 0.12890625 0.1125
5 0.21796875 0.6375 0.125 0.11796875
5 0.07734375 0.6359375 0.13203125 0.12421875
5 0.6359375 0.51875 0.12421875 0.1109375
5 0.91171875 0.3984375 0.13203125 0.1125
5 0.4953125 0.759375 0.12265625 0.1125
5 0.63359375 0.75703125 0.12421875 0.10390625
5 0.7734375 0.63515625 0.1296875 0.10625
5 0.77421875 0.88203125 0.12578125 0.1171875
5 0.77421875 0.153125 0.12578125 0.1203125
5 0.6328125 0.275 0.12265625 0.109375