5 0.20078125 0.09140625 0.115625 0.10625
5 0.08671875 0.20859375 0.10234375 0.1046875
5 0.43203125 0.0890625 0.11171875 0.10703125
5 0.4328125 0.209375 0.1109375 0.11875
5 0.778125 0.09140625 0.10625 0.11171875
5 0.3171875 0.3234375 0.10625 0.10234375
5 0.0828125 0.44296875 0.10703125 0.10390625
5 0.19765625 0.4421875 0.1109375 0.1078125
5 0.08359375 0.55703125 0.1046875 0.10390625
5 0.43125 0.5578125 0.09375 0.0984375
5 0.54375 0.5609375 0.09609375 0.10234375
5 0.55078125 0.44296875 0.10546875 0.10390625
5 0.66328125 0.209375 0.103125 0.0984375
5 0.19921875 0.7890625 0.11796875 0.1078125
5 0.2015625 0.90625 0.1171875 0.11328125
5 0.43359375 0.79375 0.10234375 0.09609375
5 0.78125 0.7890625 0.10390625 0.0984375
5 0.89453125 0.90859375 0.11171875 0.11796875
1 0.66640625 0.44296875 0.10546875 0.11328125
0 0.31796875 0.20703125 0.115625 0.11796875
0 0.55078125 0.209375 0.10546875 0.10625
0 0.89609375 0.2140625 0.11015625 0.10703125
0 0.6640625 0.328125 0.096875 0.103125
0 0.4375 0.675 0.1015625 0.1
0 0.54921875 0.6765625 0.109375 0.10390625
0 0.43515625 0.90625 0.109375 0.1171875
0 0.54765625 0.9078125 0.10859375 0.11640625
0 0.084375 0.90703125 0.11015625 0.1109375
0 0.6671875 0.7921875 0.1109375 0.1125
4 0.084375 0.09140625 0.115625 0.11953125
4 0.54765625 0.0890625 0.11171875 0.1109375
4 0.89453125 0.09375 0.115625 0.12421875
4 0.55078125 0.32734375 0.109375 0.109375
4 0.43359375 0.440625 0.115625 0.11171875
4 0.20078125 0.675 0.11171875 0.1109375
4 0.315625 0.6734375 0.10625 0.096875
4 0.084375 0.79140625 0.10625 0.10703125
4 0.78046875 0.56484375 0.10234375 0.0984375
4 0.8921875 0.55859375 0.1109375 0.0984375
4 0.8953125 0.4453125 0.11328125 0.10859375
4 0.89765625 0.790625 0.11328125 0.0984375
4 0.78125 0.2140625 0.1078125 0.09921875
3 0.19921875 0.21171875 0.1140625 0.1109375
3 0.1984375 0.32578125 0.11640625 0.11171875
3 0.20078125 0.5578125 0.10859375 0.109375
3 0.31640625 0.4421875 0.1046875 0.11484375
3 0.3171875 0.55546875 0.10390625 0.11015625
3 0.78125 0.32890625 0.10390625 0.10546875
3 0.4359375 0.32578125 0.1078125 0.1046875
3 0.7765625 0.446875 0.10703125 0.10859375
3 0.6609375 0.56015625 0.1109375 0.1015625
3 0.66328125 0.675 0.10859375 0.1
3 0.77890625 0.6765625 0.11171875 0.09765625
3 0.78203125 0.90703125 0.11328125 0.11484375
3 0.31640625 0.7921875 0.1046875 0.109375
3 0.5515625 0.7921875 0.1078125 0.10546875