4 0.07265625 0.075 0.14140625 0.14296875
4 0.35703125 0.215625 0.13984375 0.1453125
4 0.7828125 0.35625 0.13984375 0.14453125
4 0.640625 0.4984375 0.14140625 0.1421875
4 0.07421875 0.9234375 0.14140625 0.146875
4 0.925 0.92265625 0.1375 0.140625
2 0.21484375 0.07265625 0.14140625 0.14296875
2 0.35703125 0.071875 0.14140625 0.1421875
2 0.640625 0.2140625 0.1390625 0.14296875
2 0.4984375 0.35703125 0.14140625 0.1390625
2 0.0734375 0.35703125 0.13984375 0.1453125
2 0.07109375 0.4984375 0.1421875 0.13984375
2 0.2140625 0.49765625 0.14140625 0.14296875
2 0.49921875 0.49765625 0.13984375 0.140625
2 0.63984375 0.64140625 0.14140625 0.14296875
2 0.7828125 0.78203125 0.14453125 0.1390625
2 0.9234375 0.6421875 0.1375 0.140625
2 0.49921875 0.921875 0.1375 0.1390625
3 0.5 0.07265625 0.1390625 0.14296875
3 0.5 0.21640625 0.1375 0.14453125
3 0.21484375 0.215625 0.1390625 0.1421875
3 0.21484375 0.35703125 0.13984375 0.1390625
3 0.6421875 0.35703125 0.1390625 0.140625
3 0.925 0.49765625 0.13515625 0.140625
3 0.7828125 0.63984375 0.1390625 0.140625
3 0.35703125 0.78125 0.1390625 0.140625
3 0.3578125 0.92421875 0.13984375 0.14296875
3 0.6390625 0.921875 0.13984375 0.13671875
5 0.640625 0.07421875 0.13984375 0.14296875
5 0.925 0.07421875 0.1421875 0.14453125
5 0.7828125 0.2140625 0.14140625 0.140625
5 0.925 0.35625 0.1421875 0.1421875
5 0.35625 0.35625 0.14140625 0.13984375
5 0.35703125 0.4984375 0.13984375 0.1421875
5 0.07265625 0.64140625 0.14453125 0.14296875
5 0.2140625 0.64140625 0.1390625 0.1390625
5 0.21484375 0.7828125 0.1375 0.1421875
5 0.49921875 0.78203125 0.13984375 0.140625
5 0.63984375 0.7828125 0.1390625 0.140625
5 0.78125 0.92421875 0.1421875 0.140625
0 0.7828125 0.071875 0.1375 0.14296875
0 0.7828125 0.49921875 0.13984375 0.140625
0 0.35703125 0.63984375 0.13984375 0.140625
0 0.49921875 0.64140625 0.13984375 0.13984375
0 0.21484375 0.925 0.1390625 0.1421875