0 0.09375 0.11640625 0.11328125 0.10703125
0 0.32421875 0.459375 0.11328125 0.10390625
0 0.2125 0.5671875 0.10390625 0.10703125
0 0.21328125 0.6828125 0.1015625 0.096875
0 0.3265625 0.6796875 0.10546875 0.103125
0 0.4421875 0.34140625 0.10703125 0.10859375
0 0.7859375 0.2359375 0.11640625 0.109375
0 0.7828125 0.565625 0.1140625 0.10703125
0 0.90234375 0.57109375 0.10234375 0.10546875
2 0.3265625 0.12109375 0.10546875 0.10078125
2 0.3265625 0.23046875 0.11171875 0.103125
2 0.90078125 0.12109375 0.1078125 0.09765625
2 0.096875 0.68046875 0.1 0.1078125
2 0.32734375 0.79296875 0.10390625 0.10078125
2 0.671875 0.6796875 0.10234375 0.103125
2 0.6734375 0.79296875 0.09609375 0.1046875
2 0.671875 0.45546875 0.10546875 0.11171875
2 0.90078125 0.45859375 0.1078125 0.10234375
2 0.7859375 0.79375 0.11171875 0.10234375
2 0.7921875 0.909375 0.11171875 0.10859375
2 0.55625 0.3421875 0.1 0.1015625
3 0.2109375 0.11953125 0.10546875 0.09765625
3 0.2125 0.23125 0.10390625 0.11171875
3 0.440625 0.23359375 0.10390625 0.10078125
3 0.559375 0.2296875 0.10703125 0.0984375
3 0.32734375 0.34453125 0.1125 0.103125
3 0.096875 0.4578125 0.10390625 0.1046875
3 0.32421875 0.57265625 0.11328125 0.109375
3 0.44296875 0.68203125 0.10546875 0.10234375
3 0.21328125 0.79296875 0.1109375 0.10078125
3 0.32578125 0.90703125 0.1 0.10078125
3 0.6734375 0.5703125 0.10546875 0.10390625
2 0.2109375 0.453125 0.109375 0.10703125
3 0.903125 0.34453125 0.10390625 0.10625
3 0.9046875 0.67890625 0.103125 0.1046875
3 0.67421875 0.90625 0.1109375 0.109375
3 0.44375 0.790625 0.10703125 0.1125
4 0.78671875 0.11796875 0.11328125 0.10703125
4 0.09609375 0.34375 0.109375 0.1046875
4 0.2125 0.3453125 0.10859375 0.09921875
4 0.56015625 0.6828125 0.1046875 0.10390625
4 0.6734375 0.34296875 0.10546875 0.09921875
5 0.6734375 0.1171875 0.10859375 0.10859375
5 0.67265625 0.2296875 0.1109375 0.10859375
5 0.78828125 0.34140625 0.1125 0.10859375
5 0.78828125 0.45390625 0.10546875 0.09609375
5 0.790625 0.6828125 0.1046875 0.10078125
5 0.55546875 0.79609375 0.1078125 0.10234375
5 0.21328125 0.90703125 0.1109375 0.1078125
5 0.0953125 0.9078125 0.1078125 0.10234375
5 0.90625 0.90859375 0.11015625 0.10390625
5 0.096875 0.57109375 0.1109375 0.10234375