0 0.0875 0.10625 0.11484375 0.1140625
0 0.43828125 0.10703125 0.1140625 0.11015625
0 0.9078125 0.10859375 0.11171875 0.10703125
0 0.32421875 0.6859375 0.10390625 0.1
0 0.55546875 0.57109375 0.11015625 0.10546875
0 0.79296875 0.340625 0.1078125 0.1
0 0.9140625 0.79765625 0.1109375 0.109375
0 0.91328125 0.9140625 0.10546875 0.109375
0 0.44140625 0.80078125 0.1078125 0.103125
0 0.08828125 0.79921875 0.1171875 0.1125
5 0.559375 0.1109375 0.109375 0.10546875
5 0.675 0.1109375 0.10234375 0.10546875
5 0.08671875 0.340625 0.11015625 0.10546875
5 0.325 0.340625 0.109375 0.109375
5 0.6734375 0.34140625 0.10625 0.1015625
5 0.675 0.45 0.109375 0.1046875
5 0.79296875 0.45390625 0.10390625 0.1
5 0.440625 0.5703125 0.0984375 0.1
5 0.20390625 0.79921875 0.10625 0.10546875
5 0.7953125 0.68359375 0.10625 0.1
4 0.20546875 0.10703125 0.11328125 0.11015625
4 0.20625 0.225 0.11171875 0.10390625
4 0.32421875 0.225 0.10390625 0.10390625
4 0.55859375 0.2234375 0.10390625 0.10078125
4 0.91015625 0.22421875 0.1078125 0.10546875
4 0.32109375 0.56875 0.1140625 0.11328125
4 0.08671875 0.56875 0.115625 0.109375
4 0.32109375 0.80078125 0.11015625 0.11640625
4 0.20390625 0.9125 0.11015625 0.109375
4 0.325 0.91484375 0.10546875 0.10546875
4 0.796875 0.91640625 0.10703125 0.1015625
4 0.675 0.68671875 0.10625 0.1015625
4 0.90859375 0.57109375 0.1078125 0.10859375
4 0.90703125 0.68359375 0.1140625 0.11328125
2 0.790625 0.11015625 0.11171875 0.1
2 0.675 0.221875 0.10234375 0.10078125
2 0.79296875 0.2234375 0.10390625 0.11328125
2 0.90859375 0.34140625 0.10078125 0.1015625
2 0.9109375 0.453125 0.1 0.10390625
2 0.08671875 0.22578125 0.11015625 0.109375
2 0.2046875 0.34140625 0.10390625 0.10703125
2 0.2046875 0.45390625 0.10390625 0.109375
2 0.440625 0.6890625 0.10234375 0.09921875
2 0.5578125 0.79765625 0.10234375 0.10625
2 0.44140625 0.2265625 0.10390625 0.103125
2 0.08359375 0.91640625 0.10859375 0.11796875
2 0.6765625 0.915625 0.11328125 0.10703125
3 0.3234375 0.10625 0.10234375 0.10859375
3 0.08828125 0.45546875 0.109375 0.1
3 0.3234375 0.45625 0.10625 0.10546875
3 0.20625 0.56796875 0.10234375 0.1078125
3 0.08671875 0.68203125 0.115625 0.10390625
3 0.2046875 0.68671875 0.1078125 0.1015625
3 0.5578125 0.6890625 0.10625 0.10234375
3 0.675 0.5703125 0.10234375 0.10390625
3 0.79375 0.57109375 0.10546875 0.10546875
3 0.67578125 0.8 0.10703125 0.10703125
3 0.79609375 0.8 0.09765625 0.1015625