5 0.55703125 0.12578125 0.11796875 0.10625
5 0.7875 0.2375 0.1046875 0.10390625
5 0.7859375 0.3453125 0.09765625 0.090625
5 0.67109375 0.459375 0.1 0.09609375
5 0.7875 0.56328125 0.10078125 0.09375
5 0.6734375 0.6734375 0.1015625 0.096875
5 0.55625 0.671875 0.103125 0.10078125
5 0.3265625 0.67109375 0.1046875 0.0953125
5 0.2125 0.67421875 0.1015625 0.0984375
5 0.09921875 0.675 0.1 0.09453125
5 0.4421875 0.88984375 0.1 0.096875
5 0.559375 0.89453125 0.10078125 0.090625
5 0.44296875 0.45546875 0.1015625 0.10390625
4 0.55703125 0.23828125 0.1015625 0.0984375
4 0.67265625 0.23984375 0.103125 0.09296875
4 0.55859375 0.34453125 0.1046875 0.0921875
4 0.44140625 0.3453125 0.09765625 0.09765625
4 0.55703125 0.56328125 0.1046875 0.10546875
4 0.903125 0.67265625 0.10625 0.10234375
4 0.32578125 0.7828125 0.1 0.08984375
4 0.55625 0.7796875 0.1125 0.10625
0 0.6734375 0.12578125 0.1046875 0.10625
0 0.328125 0.2375 0.1015625 0.10390625
0 0.3296875 0.34375 0.09921875 0.09921875
0 0.55625 0.45859375 0.096875 0.0984375
0 0.90078125 0.45625 0.10625 0.10234375
0 0.215625 0.78203125 0.1046875 0.10390625
0 0.675 0.78515625 0.1046875 0.09765625
0 0.7875 0.78515625 0.10859375 0.09765625
2 0.44296875 0.1265625 0.1140625 0.10078125
2 0.21328125 0.45390625 0.10859375 0.10078125
2 0.328125 0.4546875 0.1046875 0.10234375
2 0.096875 0.56328125 0.1 0.10234375
2 0.21171875 0.56484375 0.109375 0.096875
2 0.78515625 0.6765625 0.1 0.09765625
2 0.44296875 0.78125 0.1046875 0.10234375
2 0.32734375 0.89453125 0.1 0.10625
2 0.67421875 0.89609375 0.10625 0.10078125
3 0.328125 0.1265625 0.1125 0.1046875
3 0.2140625 0.234375 0.1046875 0.11015625
3 0.4421875 0.23984375 0.1 0.1015625
3 0.67421875 0.3453125 0.10625 0.10234375
3 0.21171875 0.34921875 0.109375 0.0984375
3 0.09609375 0.45703125 0.1109375 0.10703125
3 0.3296875 0.56328125 0.09921875 0.10234375
3 0.44296875 0.56328125 0.1015625 0.10234375
3 0.44375 0.67265625 0.09921875 0.10234375
3 0.67421875 0.5671875 0.10234375 0.1015625
3 0.7890625 0.45390625 0.10390625 0.10078125
3 0.903125 0.5625 0.10234375 0.10078125