3 0.19609375 0.07421875 0.1171875 0.11953125
3 0.31640625 0.19609375 0.1171875 0.12109375
3 0.31796875 0.559375 0.12265625 0.12109375
3 0.80625 0.559375 0.121875 0.1234375
3 0.80546875 0.68125 0.12578125 0.12109375
3 0.68203125 0.68046875 0.121875 0.1234375
3 0.315625 0.80390625 0.12421875 0.12109375
3 0.43828125 0.80234375 0.1203125 0.1234375
3 0.31640625 0.925 0.12265625 0.1265625
3 0.56015625 0.925 0.121875 0.12109375
5 0.31953125 0.0734375 0.12265625 0.11953125
5 0.56171875 0.07421875 0.1265625 0.1234375
5 0.1953125 0.19609375 0.128125 0.12109375
5 0.68046875 0.31484375 0.1265625 0.11953125
5 0.68203125 0.4390625 0.128125 0.125
5 0.80625 0.43984375 0.1203125 0.12109375
5 0.1953125 0.56015625 0.1203125 0.11796875
5 0.31484375 0.68046875 0.12421875 0.12109375
5 0.68203125 0.8046875 0.11875 0.11953125
4 0.4375 0.075 0.1265625 0.1234375
4 0.80625 0.0734375 0.121875 0.125
4 0.4390625 0.19140625 0.1265625 0.125
4 0.56015625 0.19375 0.12421875 0.1265625
4 0.071875 0.19765625 0.1203125 0.1265625
4 0.3171875 0.31875 0.12421875 0.12109375
4 0.5578125 0.31875 0.1203125 0.12109375
4 0.1953125 0.434375 0.12265625 0.12109375
4 0.43984375 0.56171875 0.121875 0.1265625
4 0.68671875 0.56171875 0.12265625 0.12109375
4 0.5640625 0.68046875 0.1265625 0.12734375
4 0.07578125 0.80390625 0.12421875 0.12109375
4 0.19453125 0.80546875 0.11640625 0.12265625
4 0.92578125 0.8015625 0.11875 0.11953125
4 0.68359375 0.925 0.1203125 0.12109375
2 0.68203125 0.0734375 0.12265625 0.12265625
2 0.68125 0.19375 0.1203125 0.1234375
2 0.92421875 0.196875 0.13125 0.12734375
2 0.4375 0.315625 0.12421875 0.1234375
2 0.3171875 0.43828125 0.11640625 0.11796875
2 0.06953125 0.4375 0.1171875 0.12265625
2 0.07109375 0.56015625 0.12578125 0.12265625
2 0.55703125 0.55703125 0.12265625 0.12265625
2 0.925 0.4359375 0.12578125 0.11953125
2 0.92734375 0.56171875 0.12421875 0.1234375
0 0.803125 0.1984375 0.121875 0.12265625
0 0.80546875 0.315625 0.1171875 0.1234375
0 0.19375 0.31484375 0.12265625 0.12109375
0 0.4359375 0.43828125 0.1265625 0.12109375
0 0.5609375 0.4359375 0.12265625 0.12265625
0 0.19296875 0.68125 0.12421875 0.1265625
0 0.4375 0.67890625 0.1265625 0.1265625
0 0.5625 0.80078125 0.128125 0.12890625
0 0.803125 0.8046875 0.12421875 0.1171875
0 0.803125 0.9234375 0.11640625 0.12109375
0 0.43828125 0.92578125 0.12265625 0.12109375
0 0.19296875 0.92578125 0.1296875 0.125