1 0.67578125 0.44453125 0.1109375 0.1109375
5 0.44609375 0.10703125 0.1125 0.10390625
5 0.44375 0.3328125 0.10703125 0.1015625
5 0.675 0.33046875 0.1125 0.1046875
5 0.32890625 0.44375 0.10859375 0.10234375
5 0.096875 0.44375 0.10703125 0.11328125
5 0.3296875 0.55625 0.103125 0.109375
5 0.4421875 0.6703125 0.10625 0.1
5 0.56015625 0.89609375 0.1015625 0.10546875
2 0.32578125 0.10703125 0.1078125 0.096875
2 0.21015625 0.32890625 0.11171875 0.10078125
2 0.209375 0.56015625 0.10078125 0.1015625
2 0.2109375 0.67109375 0.1078125 0.1015625
2 0.7921875 0.5578125 0.103125 0.1
2 0.3265625 0.78515625 0.10390625 0.1
2 0.5578125 0.784375 0.10234375 0.096875
2 0.67421875 0.784375 0.10078125 0.090625
2 0.2109375 0.896875 0.10390625 0.11015625
0 0.79140625 0.109375 0.1140625 0.1125
0 0.56015625 0.33359375 0.10546875 0.10390625
0 0.79296875 0.3328125 0.10859375 0.109375
0 0.56171875 0.44375 0.1046875 0.109375
0 0.32734375 0.66953125 0.10546875 0.0984375
0 0.559375 0.67265625 0.10390625 0.1015625
0 0.6765625 0.675 0.103125 0.10078125
0 0.44296875 0.784375 0.1109375 0.10703125
3 0.44453125 0.22109375 0.10546875 0.1
3 0.56015625 0.22109375 0.10859375 0.1109375
3 0.67578125 0.559375 0.1015625 0.1
3 0.90703125 0.56015625 0.1109375 0.10859375
3 0.78984375 0.67265625 0.1109375 0.1015625
3 0.32734375 0.9 0.10546875 0.1046875
3 0.446875 0.8984375 0.1078125 0.1046875
3 0.67734375 0.8953125 0.1125 0.10703125
4 0.21015625 0.10390625 0.11171875 0.103125
4 0.56171875 0.10546875 0.1125 0.10078125
4 0.6765625 0.10625 0.103125 0.0984375
4 0.3265625 0.2203125 0.109375 0.109375
4 0.3296875 0.33125 0.1046875 0.10625
4 0.21171875 0.44296875 0.109375 0.1078125
4 0.4453125 0.44375 0.10703125 0.10625
4 0.44296875 0.55703125 0.10546875 0.10234375
4 0.56015625 0.55703125 0.1015625 0.0953125
4 0.79296875 0.44609375 0.10078125 0.10078125
4 0.6765625 0.21953125 0.09921875 0.1
4 0.903125 0.44609375 0.10625 0.1015625
4 0.09296875 0.55625 0.09921875 0.10546875
4 0.7921875 0.89609375 0.103125 0.1125