2 0.5484375 0.08359375 0.1203125 0.115625
2 0.66953125 0.08125 0.10859375 0.10703125
2 0.54921875 0.20234375 0.1046875 0.11015625
2 0.7875 0.55546875 0.10625 0.10234375
2 0.66953125 0.78828125 0.1046875 0.096875
2 0.54765625 0.78984375 0.109375 0.1
2 0.31015625 0.79140625 0.10390625 0.1109375
2 0.19296875 0.55390625 0.11484375 0.115625
2 0.18984375 0.671875 0.11328125 0.115625
2 0.190625 0.90859375 0.11484375 0.11484375
5 0.43203125 0.20078125 0.11015625 0.115625
5 0.43125 0.31640625 0.1046875 0.103125
5 0.07265625 0.43515625 0.1109375 0.10859375
5 0.1921875 0.434375 0.109375 0.1125
5 0.78671875 0.43671875 0.1046875 0.10390625
5 0.9046875 0.43359375 0.10859375 0.1140625
5 0.31015625 0.5546875 0.109375 0.10390625
5 0.546875 0.90546875 0.11640625 0.11171875
0 0.1921875 0.08046875 0.11875 0.121875
0 0.428125 0.08125 0.11640625 0.1109375
0 0.7859375 0.07890625 0.11640625 0.11484375
0 0.3125 0.2 0.1125 0.1140625
0 0.546875 0.31796875 0.11640625 0.1140625
0 0.665625 0.31640625 0.11328125 0.10703125
0 0.5484375 0.4359375 0.1109375 0.10625
0 0.31015625 0.66875 0.10390625 0.1046875
0 0.5484375 0.671875 0.10703125 0.0984375
0 0.66953125 0.67578125 0.10859375 0.10703125
0 0.42890625 0.7875 0.11328125 0.11171875
3 0.43046875 0.5546875 0.10859375 0.1078125
3 0.66640625 0.55625 0.1109375 0.10390625
3 0.9046875 0.5546875 0.1046875 0.1078125
3 0.4296875 0.671875 0.10703125 0.10390625
3 0.78828125 0.6734375 0.10859375 0.1109375
3 0.31328125 0.90703125 0.11015625 0.11171875
3 0.4265625 0.90859375 0.11328125 0.1109375
3 0.66875 0.90546875 0.11015625 0.11171875
4 0.31015625 0.0796875 0.11328125 0.1125
4 0.66484375 0.20078125 0.11484375 0.11015625
4 0.190625 0.315625 0.1109375 0.10859375
4 0.31171875 0.3171875 0.103125 0.10859375
4 0.7859375 0.31875 0.1125 0.11171875
4 0.31328125 0.4375 0.10625 0.10625
4 0.43203125 0.43671875 0.10625 0.12109375
4 0.07421875 0.55234375 0.1109375 0.115625
4 0.54765625 0.55390625 0.10546875 0.09453125
4 0.7859375 0.9078125 0.1125 0.11328125
4 0.66796875 0.434375 0.11796875 0.115625