4 0.07421875 0.07265625 0.14140625 0.14375
4 0.92578125 0.07421875 0.1421875 0.1421875
4 0.6421875 0.215625 0.14140625 0.14453125
4 0.7828125 0.3578125 0.14140625 0.1421875
4 0.07265625 0.49921875 0.14375 0.1421875
4 0.0734375 0.9234375 0.1421875 0.1453125
4 0.35703125 0.7828125 0.14375 0.14453125
4 0.92421875 0.925 0.14375 0.14453125
5 0.215625 0.07265625 0.13984375 0.14140625
5 0.64140625 0.07265625 0.13984375 0.13671875
5 0.7828125 0.21328125 0.1421875 0.14453125
5 0.92578125 0.3578125 0.14453125 0.14453125
5 0.6421875 0.3578125 0.14140625 0.1421875
5 0.7828125 0.5 0.14140625 0.14140625
5 0.07421875 0.35625 0.14375 0.14375
5 0.359375 0.5 0.1421875 0.14375
5 0.5 0.5 0.1390625 0.1421875
5 0.64140625 0.64140625 0.1421875 0.13984375
5 0.6421875 0.7828125 0.14140625 0.1421875
5 0.215625 0.64296875 0.13984375 0.14375
5 0.21484375 0.78359375 0.1421875 0.1375
2 0.35625 0.07265625 0.14140625 0.1421875
2 0.7828125 0.07265625 0.13671875 0.14375
2 0.5 0.21484375 0.14375 0.14140625
2 0.92578125 0.6421875 0.13984375 0.14375
2 0.0734375 0.64296875 0.1421875 0.14140625
2 0.3578125 0.64453125 0.1421875 0.14375
2 0.4984375 0.78515625 0.1390625 0.1390625
2 0.4984375 0.92734375 0.1390625 0.1453125
0 0.5 0.07265625 0.1390625 0.14453125
0 0.21640625 0.215625 0.14140625 0.1421875
0 0.3578125 0.35703125 0.1421875 0.13984375
0 0.3578125 0.21484375 0.1421875 0.14375
0 0.21640625 0.35703125 0.14140625 0.13984375
0 0.6421875 0.49921875 0.1421875 0.1421875
0 0.78515625 0.640625 0.1421875 0.14140625
0 0.7828125 0.925 0.13671875 0.13984375
0 0.215625 0.925 0.13984375 0.13984375
3 0.5 0.35703125 0.1390625 0.1421875
3 0.21484375 0.5 0.14140625 0.14375
3 0.92578125 0.5 0.13984375 0.14140625
3 0.5 0.640625 0.13984375 0.14140625
3 0.7828125 0.7828125 0.14140625 0.1421875
3 0.640625 0.925 0.1390625 0.14375
3 0.35703125 0.925 0.14140625 0.13984375