2 0.0765625 0.0765625 0.14453125 0.14375
2 0.21796875 0.0765625 0.140625 0.14375
2 0.21875 0.21796875 0.14296875 0.1390625
2 0.50234375 0.0765625 0.13984375 0.14140625
2 0.64375 0.35703125 0.140625 0.14140625
2 0.9265625 0.64296875 0.14296875 0.14453125
2 0.78359375 0.784375 0.1421875 0.13828125
2 0.5 0.9234375 0.1421875 0.1390625
2 0.5 0.64296875 0.13984375 0.13828125
2 0.359375 0.50078125 0.13984375 0.14140625
2 0.07421875 0.50234375 0.14453125 0.14140625
2 0.2171875 0.6421875 0.1421875 0.1390625
0 0.359375 0.0765625 0.1421875 0.14296875
0 0.50078125 0.21796875 0.140625 0.1390625
0 0.6421875 0.21640625 0.1421875 0.14140625
0 0.928125 0.0765625 0.1375 0.14140625
0 0.78359375 0.5 0.13984375 0.14375
0 0.07578125 0.64140625 0.14453125 0.14140625
0 0.2171875 0.9234375 0.1421875 0.140625
3 0.64453125 0.075 0.1375 0.14453125
3 0.2171875 0.35859375 0.13984375 0.14296875
3 0.9265625 0.359375 0.13984375 0.14375
3 0.925 0.5 0.14296875 0.13671875
3 0.50078125 0.5 0.140625 0.140625
3 0.6421875 0.640625 0.1421875 0.140625
3 0.640625 0.92109375 0.1421875 0.13046875
3 0.36015625 0.92421875 0.13828125 0.14140625
3 0.3578125 0.78359375 0.1421875 0.1390625
3 0.21484375 0.78359375 0.1453125 0.1390625
5 0.78515625 0.0765625 0.1421875 0.14375
5 0.784375 0.2171875 0.140625 0.140625
5 0.36015625 0.21875 0.1421875 0.140625
5 0.3609375 0.3578125 0.140625 0.13828125
5 0.78515625 0.640625 0.1421875 0.140625
5 0.64296875 0.78203125 0.1421875 0.14140625
5 0.5015625 0.7828125 0.140625 0.1390625
5 0.78359375 0.921875 0.13828125 0.13828125
4 0.07578125 0.35859375 0.14296875 0.14296875
4 0.5015625 0.36015625 0.140625 0.140625
4 0.6421875 0.50078125 0.140625 0.14140625
4 0.78359375 0.3578125 0.1421875 0.13828125
4 0.2171875 0.5 0.1375 0.13828125
4 0.35703125 0.63984375 0.1421875 0.14140625
4 0.9265625 0.925 0.13828125 0.14296875
4 0.07578125 0.921875 0.13984375 0.14453125