5 0.07265625 0.071875 0.1390625 0.1390625
5 0.215625 0.35703125 0.1421875 0.13984375
5 0.35703125 0.215625 0.13984375 0.1421875
5 0.35703125 0.35703125 0.1453125 0.1421875
5 0.6421875 0.215625 0.1390625 0.14453125
5 0.7828125 0.21640625 0.14375 0.14375
5 0.92578125 0.0734375 0.1421875 0.1421875
5 0.7828125 0.07421875 0.14140625 0.14140625
5 0.9265625 0.35625 0.1390625 0.1421875
5 0.07265625 0.63828125 0.13984375 0.14375
5 0.21328125 0.6375 0.1375 0.1359375
5 0.784375 0.63671875 0.14375 0.14375
5 0.21484375 0.7796875 0.14453125 0.1390625
5 0.5 0.778125 0.14375 0.14453125
5 0.640625 0.77734375 0.1390625 0.14140625
5 0.784375 0.92109375 0.14375 0.14609375
0 0.215625 0.07421875 0.1421875 0.14375
0 0.49921875 0.07421875 0.13984375 0.1421875
0 0.21484375 0.215625 0.14375 0.14375
0 0.3578125 0.49765625 0.14453125 0.14140625
0 0.49921875 0.6375 0.1375 0.13828125
0 0.784375 0.49765625 0.1390625 0.1421875
0 0.9265625 0.6390625 0.14140625 0.1421875
0 0.2140625 0.92109375 0.14140625 0.14453125
2 0.35703125 0.07265625 0.140625 0.1453125
2 0.5 0.215625 0.13984375 0.13984375
2 0.640625 0.35625 0.13984375 0.13984375
2 0.49921875 0.35546875 0.1421875 0.14140625
2 0.075 0.3546875 0.14375 0.14375
2 0.075 0.49765625 0.14140625 0.134375
2 0.21484375 0.49609375 0.1390625 0.13828125
2 0.7828125 0.77890625 0.13984375 0.1421875
2 0.9234375 0.92109375 0.1421875 0.14140625
2 0.5 0.91875 0.1390625 0.1421875
4 0.64140625 0.0734375 0.1375 0.1421875
4 0.50078125 0.49765625 0.1390625 0.13984375
4 0.6421875 0.49765625 0.13671875 0.13203125
4 0.92578125 0.49765625 0.1375 0.13984375
4 0.35625 0.6390625 0.1390625 0.1421875
4 0.07421875 0.9171875 0.14375 0.14453125
3 0.7828125 0.35703125 0.1390625 0.13984375
3 0.64140625 0.6390625 0.13984375 0.13984375
3 0.64453125 0.91953125 0.1390625 0.14140625
3 0.3578125 0.7796875 0.13984375 0.14375
3 0.35859375 0.92109375 0.14140625 0.14375