4 0.778125 0.11875 0.10390625 0.11015625
4 0.66640625 0.2328125 0.1109375 0.1125
4 0.66953125 0.34296875 0.09765625 0.0984375
4 0.88828125 0.23203125 0.10234375 0.10625
4 0.6671875 0.78671875 0.10859375 0.10703125
4 0.33359375 0.6796875 0.10390625 0.11015625
4 0.22265625 0.23515625 0.10390625 0.09609375
3 0.21875 0.12109375 0.1078125 0.09921875
3 0.44765625 0.12109375 0.1015625 0.10625
3 0.109375 0.33984375 0.1078125 0.11171875
3 0.778125 0.34921875 0.1 0.10234375
3 0.66875 0.45390625 0.103125 0.1109375
3 0.77890625 0.45390625 0.09765625 0.10703125
3 0.221875 0.5671875 0.09453125 0.1
3 0.22265625 0.78828125 0.10390625 0.10546875
3 0.33359375 0.78671875 0.10390625 0.10703125
3 0.553125 0.89921875 0.10625 0.11015625
3 0.77890625 0.89921875 0.10859375 0.11015625
2 0.334375 0.12421875 0.1171875 0.1125
2 0.2234375 0.3453125 0.1015625 0.10703125
2 0.109375 0.4578125 0.10390625 0.103125
2 0.5546875 0.56796875 0.10546875 0.09765625
2 0.6671875 0.5671875 0.09609375 0.103125
0 0.77890625 0.5671875 0.10546875 0.09609375
2 0.890625 0.56796875 0.10703125 0.11328125
2 0.8890625 0.4578125 0.10390625 0.09921875
2 0.778125 0.790625 0.1 0.09921875
2 0.4421875 0.790625 0.0984375 0.103125
2 0.33359375 0.89921875 0.10390625 0.11015625
0 0.55546875 0.1234375 0.10703125 0.1109375
0 0.10859375 0.23046875 0.109375 0.11484375
0 0.33359375 0.23359375 0.10703125 0.10234375
0 0.5578125 0.2328125 0.103125 0.096875
0 0.7796875 0.23359375 0.103125 0.0984375
0 0.33203125 0.45390625 0.10390625 0.10703125
0 0.44609375 0.45390625 0.09765625 0.10234375
0 0.1109375 0.5671875 0.0984375 0.103125
0 0.11171875 0.6765625 0.10859375 0.1
0 0.66875 0.67734375 0.09609375 0.09453125
0 0.77890625 0.67578125 0.09765625 0.09140625
5 0.6703125 0.121875 0.103125 0.11640625
5 0.8890625 0.34765625 0.10703125 0.103125
5 0.3296875 0.34375 0.0953125 0.10390625
5 0.44296875 0.2328125 0.10078125 0.1078125
5 0.221875 0.45546875 0.0984375 0.08984375
5 0.3328125 0.565625 0.0984375 0.10078125
5 0.4421875 0.565625 0.0984375 0.096875
5 0.55625 0.453125 0.1 0.10078125
5 0.890625 0.67578125 0.09765625 0.10234375
5 0.89296875 0.7875 0.0984375 0.096875
5 0.221875 0.6734375 0.09453125 0.09453125
5 0.11015625 0.784375 0.10546875 0.10625
5 0.22265625 0.9 0.1 0.09453125
5 0.44296875 0.90078125 0.09375 0.1015625
5 0.66953125 0.9 0.1046875 0.10078125
5 0.553125 0.78828125 0.109375 0.0984375