2 0.2015625 0.55 0.10546875 0.10078125
2 0.78203125 0.54765625 0.11015625 0.1125
2 0.1984375 0.6671875 0.1015625 0.1125
2 0.3171875 0.7875 0.103125 0.109375
2 0.55 0.7859375 0.103125 0.10625
2 0.66953125 0.78359375 0.109375 0.103125
2 0.1984375 0.90703125 0.11484375 0.11875
0 0.19921875 0.0765625 0.1125 0.11484375
0 0.43125 0.19921875 0.1109375 0.1125
0 0.78203125 0.07734375 0.10703125 0.1171875
0 0.31640625 0.31328125 0.1046875 0.10546875
0 0.66640625 0.31328125 0.0953125 0.1015625
0 0.546875 0.31796875 0.1015625 0.10234375
0 0.4328125 0.43046875 0.11015625 0.10546875
0 0.5484375 0.428125 0.10625 0.1
0 0.31484375 0.6671875 0.1109375 0.1046875
0 0.55078125 0.66953125 0.1046875 0.109375
0 0.6671875 0.66796875 0.1046875 0.096875
0 0.43203125 0.78359375 0.10859375 0.10703125
5 0.43203125 0.07734375 0.10859375 0.1171875
5 0.0796875 0.43046875 0.109375 0.121875
5 0.2 0.42890625 0.1046875 0.11484375
5 0.78203125 0.43125 0.10703125 0.10703125
5 0.896875 0.43203125 0.10703125 0.109375
5 0.31484375 0.55 0.10703125 0.10078125
5 0.54921875 0.9 0.11015625 0.10859375
4 0.3140625 0.0765625 0.11328125 0.12265625
4 0.31640625 0.19921875 0.10859375 0.1125
4 0.6671875 0.08125 0.10078125 0.10703125
4 0.5515625 0.1984375 0.11015625 0.10703125
4 0.66484375 0.1984375 0.10859375 0.11015625
4 0.196875 0.30859375 0.1109375 0.1046875
4 0.784375 0.31328125 0.11171875 0.109375
4 0.31796875 0.43046875 0.1046875 0.1125
4 0.08046875 0.55 0.1109375 0.11796875
4 0.6640625 0.4328125 0.1 0.11015625
4 0.5484375 0.5484375 0.10234375 0.1109375
4 0.784375 0.9 0.10625 0.1125
3 0.55 0.07890625 0.1125 0.1109375
3 0.43203125 0.31484375 0.1 0.10234375
3 0.43359375 0.54921875 0.10703125 0.10703125
3 0.66640625 0.54921875 0.103125 0.10703125
3 0.89921875 0.54765625 0.115625 0.109375
3 0.434375 0.665625 0.1046875 0.10546875
3 0.784375 0.66953125 0.11171875 0.109375
3 0.31875 0.90234375 0.10625 0.1140625
3 0.43203125 0.90390625 0.10859375 0.1078125
3 0.66953125 0.8984375 0.109375 0.11875