4 0.075 0.07421875 0.14375 0.14140625
4 0.359375 0.0734375 0.14296875 0.14296875
4 0.49921875 0.075 0.1375 0.13984375
4 0.925 0.92421875 0.13828125 0.14140625
4 0.0765625 0.92265625 0.13984375 0.1359375
3 0.21875 0.0734375 0.140625 0.14375
3 0.21953125 0.215625 0.1375 0.1375
3 0.64140625 0.215625 0.140625 0.14140625
3 0.7828125 0.21640625 0.14140625 0.140625
3 0.50078125 0.359375 0.140625 0.140625
3 0.64140625 0.5 0.13984375 0.140625
3 0.64140625 0.64140625 0.13984375 0.14140625
3 0.78359375 0.35859375 0.1453125 0.13984375
3 0.36015625 0.64140625 0.13984375 0.14296875
3 0.359375 0.92421875 0.140625 0.14375
3 0.640625 0.92421875 0.1359375 0.13359375
2 0.640625 0.0734375 0.1359375 0.14296875
2 0.50078125 0.21796875 0.140625 0.14296875
2 0.075 0.3578125 0.14296875 0.14375
2 0.21640625 0.3578125 0.140625 0.14375
2 0.075 0.50078125 0.14375 0.140625
2 0.50078125 0.5 0.13984375 0.13828125
2 0.50078125 0.64140625 0.13828125 0.14375
2 0.36015625 0.7828125 0.14375 0.13984375
2 0.21640625 0.78203125 0.14296875 0.140625
2 0.50078125 0.92421875 0.13984375 0.14296875
2 0.784375 0.7828125 0.140625 0.13984375
2 0.925 0.64140625 0.140625 0.14296875
5 0.78359375 0.075 0.140625 0.14296875
5 0.925 0.075 0.14296875 0.14140625
5 0.359375 0.2171875 0.140625 0.14375
5 0.35859375 0.35859375 0.14140625 0.13984375
5 0.2171875 0.5 0.14140625 0.14296875
5 0.0765625 0.6421875 0.13984375 0.14140625
5 0.21796875 0.64140625 0.13984375 0.13984375
5 0.50078125 0.78359375 0.1359375 0.14296875
5 0.64140625 0.78125 0.1453125 0.13984375
5 0.7828125 0.92109375 0.1375 0.13984375
5 0.78359375 0.64296875 0.13984375 0.1453125
5 0.7828125 0.5 0.14140625 0.140625
5 0.64140625 0.36015625 0.140625 0.13984375
5 0.92578125 0.3578125 0.13515625 0.13984375
5 0.92421875 0.4984375 0.1375 0.13984375
0 0.35859375 0.49921875 0.13984375 0.14140625
0 0.2171875 0.92421875 0.14140625 0.13984375