4 0.075 0.0765625 0.14296875 0.1484375
4 0.3578125 0.07578125 0.14296875 0.1453125
4 0.64140625 0.22109375 0.1453125 0.1453125
4 0.5 0.50234375 0.1390625 0.140625
4 0.64140625 0.50234375 0.13984375 0.1453125
4 0.35859375 0.64140625 0.1421875 0.140625
4 0.07421875 0.92421875 0.14453125 0.1453125
4 0.9265625 0.92421875 0.1421875 0.14375
2 0.21796875 0.075 0.1375 0.14375
2 0.5 0.21796875 0.140625 0.140625
2 0.5 0.35859375 0.13671875 0.14140625
2 0.07421875 0.36015625 0.14296875 0.14609375
2 0.07421875 0.503125 0.1421875 0.13828125
2 0.2171875 0.50078125 0.140625 0.14140625
2 0.925 0.64296875 0.13984375 0.14609375
2 0.7828125 0.784375 0.13671875 0.140625
2 0.50078125 0.92578125 0.13984375 0.1453125
3 0.5 0.075 0.1390625 0.14609375
3 0.64140625 0.07578125 0.1421875 0.1453125
3 0.21640625 0.2171875 0.1375 0.13984375
3 0.64140625 0.359375 0.140625 0.14296875
3 0.78359375 0.36171875 0.1421875 0.140625
3 0.21796875 0.36015625 0.13671875 0.14296875
3 0.925 0.5 0.1390625 0.13828125
3 0.64296875 0.64375 0.13984375 0.140625
3 0.359375 0.7828125 0.140625 0.14140625
3 0.3578125 0.925 0.13515625 0.14296875
3 0.64140625 0.92265625 0.1390625 0.13828125
0 0.784375 0.0734375 0.1390625 0.1453125
0 0.3578125 0.50078125 0.13671875 0.14296875
0 0.784375 0.50078125 0.140625 0.140625
0 0.50078125 0.64296875 0.13984375 0.140625
0 0.21796875 0.92578125 0.140625 0.14609375
5 0.928125 0.07421875 0.1421875 0.14609375
5 0.784375 0.21796875 0.1390625 0.14140625
5 0.9265625 0.359375 0.1375 0.13828125
5 0.3578125 0.21953125 0.14296875 0.13984375
5 0.359375 0.36015625 0.1421875 0.140625
5 0.7828125 0.64453125 0.1390625 0.14140625
5 0.07578125 0.64296875 0.14453125 0.14140625
5 0.21640625 0.6421875 0.1421875 0.13984375
5 0.21796875 0.7828125 0.1421875 0.13984375
5 0.49921875 0.78359375 0.1375 0.13984375
5 0.64296875 0.78359375 0.1375 0.14140625
5 0.784375 0.92578125 0.134375 0.1359375